16.017928342498475
-5.068254602004076
-0.6321819935015202
1.118774212185155
0.5277779721941285
0.016781054588249168
-0.2545939725014927
-0.13290105520534207
0.028663334818940473
-0.10971811375854865
-0.5395179021450366
-0.48960523019307944
0.7821978380517756
0.2699888773992206
-0.9183300324183659
1.201007493424984
0.48078124076014733
-1.0856525607132888
0.04394600990324679
-0.4884770750211747
-2.637837108018974
-1.2464852124941397
-0.6365510788951906
-2.015834306984106
-1.2555823573410123
-2.2147033007118213
-3.10070139987942
-2.183713064273688
-2.735185477769
-4.054733617992111
-3.700415661635534
-3.2456119210566228
-2.8311760282864635
-2.456120972135377
-2.119484545510466
-1.8203286953746185
-1.713341982432331
-1.947994433794626
-2.5157027328349737
-0.1141892311643537
-1.0071560056434739
-2.257888542660702
0.3236240506430793
-1.2426591292489237
-1.3310418188766406
0.6773862762134029
-0.05355532633965086
-2.2198338543350453
-0.684912873662073
1.0706460062293375
-0.2697060240889834
-0.7972368408783319
-0.8277065968773634
-0.6670630058338234
-0.3198088358164667
0.20965887036847947
0.9170460165046772
-1.5944601848478213
0.5528172334421302
0.6581255433907662
-1.5330725425730616
0.7789336141485238
0.2168380695880538
-0.1698383501090419
-0.3850265086784017
-0.43256880079887905
-0.31622134660670437
-0.14304910148051425
-0.01695436879935084
0.06309658634952432
0.09811468806826595
0.08908859144318795
0.06581846665260663
0.057239909133937505
0.06303365241930853
0.08288736969748056
0.11649550735643853
-0.14882658917544547
-0.3083949141614637
0.33886074716473735
0.4520114400703119
0.0632015819549187
0.5087197067570969
0.8063246084139377
0.0012709623990588051
-0.8745607883669171
-0.8179418429732606
0.15173188637183177
1.023112888976824
0.8126699600568403
0.3001400568836729
0.24401422301507952
0.6349664652905438
0.6666770954462691
-0.44533220562953263
-0.25244567040931165
1.0790758237091087
0.9944244834368379
0.5462177582138957
0.7591464694345529
1.2176800067320868
1.517225750040721
1.660907047414221
1.200680062980684
-0.2997076256484922
0.3274791323611213
2.745580670486145
3.520022031271446
1.9178892315886231
-2.7745803727564415
1.4158289525940706
4.520757841909417
1.4662903793320539
2.5999992779348755
1.8137630352243024
2.851264824404115
1.5839216284880373
2.917740746833936
2.469125385451566
1.1619871982671675
5.887339565831242
2.0886014802134443
0.8840552488306626
3.641956501313274
2.3160695075175384
2.185945595248362
2.5363101279153604
2.6692265940559667
2.588647063245424
2.440887136555902
2.368744290461521
2.370857965310274
2.4458921331495524
2.592534762358295
2.727517743725788
2.769550805629611
2.7643568481177914
2.7565847849612606
2.746280584327508
2.730044669681513
2.70455759851412
2.669982741027832
2.6264806138807155
2.5742089124580714
2.513322576058043
2.4863772318191364
2.5349468488137923
2.6577289120944547
2.853443336251168
3.1208320177179223
3.1868360609239157
2.7846043056170946
2.2722006036308016
1.9996306288815475
1.962859709217088
1.9685062847165309
1.8275060613836192
1.542320002178768
1.1153678118899442
0.5490288156218693
-0.0561759778009567
-0.6019372493039767
-1.0892112129580023
-1.518938477491493
-1.8920441194738569
-2.2094383925408927
