[ 3.00882858 -1.02345184 -1.32892621 -0.68324986]
[ 3.48169229 -0.03615056 -0.64567635 -0.68324986]
[ 3.30887966  0.26790086  0.03757351 -0.68324986]
[ 2.83957016 -0.20951662  0.08178086 -0.00552592]
[ 3.02907113 -0.10857924 -0.28365561  0.36543647]
[ 3.02998632  0.0725851  -0.07867308 -0.20498252]
[ 2.49649793 -0.25980438  0.16177045 -0.03005544]
[ 2.71659069 -0.05978429 -0.56181063  0.72358109]
[ 2.58891906e+00  2.21678147e-01 -1.11424327e-03 -5.60696391e-01]
[ 2.18198499 -0.29521299  0.13033703 -0.01643141]
[ 2.436146   -0.10688855 -0.5069859   0.63732293]
[ 2.3825697   0.12101305  0.05118269 -0.55816859]
[ 2.88562786  0.13477509 -0.05271181  0.00577192]
[ 2.82210628 -0.10534134  0.53294467 -0.58565647]
[ 3.29152937 -0.93111425  1.11860114 -0.58565647]
